0.0464
0.4644
0.7430
0.9752
1.1146
1.3468
1.6254
1.9040
2.1827
2.6006
2.6935
2.8328
3.1115
3.2508
3.4830
3.7616
4.0403
4.3189
4.4582
4.7369
4.8762
5.0155
5.2477
5.3870
5.6657
5.9443
6.1765
6.4551
6.8731
7.0124
7.1517
7.2911
7.5233
8.0805
8.3592
8.4985
8.6378
9.2880
9.5666
9.7059
9.9846
10.2168
10.4954
10.7741
11.0527
11.1920
11.3313
11.4707
11.8422
12.1208
12.3530
12.6317
12.9103
13.1425
13.3283
13.4676
13.5605
13.9784
14.1177
14.2571
14.5357
14.8143
15.0465
15.3252
15.4645
15.6038
15.7431
15.8360
16.1146
16.3933
16.6719
16.9506
17.1828
17.6472
17.8794
18.0187
18.2973
18.5295
18.6688
18.8082
19.0404
19.3190
19.5976
19.7370
19.8763
20.0156
20.2942
20.4336
20.7122
20.8515
20.9444
21.0837
21.4552
21.8732
22.0125
22.1518
22.4305
22.5698
22.8484
22.9878
23.0806
23.3128
23.6379
24.0559
24.2881
24.4274
24.7060
24.9847
25.1240
25.2169
25.7741
26.1921
26.4243
26.8423
27.1209
27.2602
27.3531
27.6317
27.9104
28.3283
28.6070
28.8392
28.9785
29.2571
29.3965
29.5358
29.6751
29.7680
30.0466
30.1859
30.3253
30.4646
30.7432
31.0219
31.1612
31.3934
31.5327
31.6720
31.9042
32.0900
32.1829
32.6008
32.8795
33.0188
33.2974
33.5761
33.6689
33.8083
34.3191
34.7835
34.8764
35.0157
35.2943
35.4337
35.6659
35.8516
35.9445
36.2231
36.4553
36.8733
37.1519
37.4306
37.5699
37.8485
37.9878
38.0807
38.3594
38.4987
38.5916
39.0560
39.5668
39.7061
39.9383
40.1241
40.2170
40.4956
40.7278
41.1922
41.8424
41.9817
42.1210
42.2603
42.3532
42.9105
43.3284
43.6071
43.9786
44.2572
44.3966
44.5359
44.7681
45.0467
45.3254
45.4647
45.7433
45.8826
46.1613
46.3935
46.5328
46.6721
46.8114
46.9043
47.1829
47.6009
47.8795
48.0189
48.2975
48.5297
48.6690
48.8083
49.0405
49.3192
49.5978
49.7836
50.0158
50.1551
50.4337
50.6659
50.8053
50.9446
51.4554
51.9198
52.0127
52.1520
52.2913
52.5700
52.8486
52.9879
53.0808
53.3595
53.6381
53.7310
54.0096
54.1489
54.2883
54.4276
54.5669
54.7062
54.9849
55.1242
55.2171
55.4028
55.4957
55.7743
55.9137
56.1923
56.5638
56.7031
56.8424
57.0746
57.2604
57.3533
57.6319
57.9106
58.3285
58.6072
58.7000
58.9787
59.1180
59.2573
59.3966
59.5360
59.8146
60.0468
60.3254
60.4648
60.6041
60.7434
60.9756
61.1149
61.3936
61.5329
61.6722
61.9044
62.1830
62.6010
62.8796
63.1583
63.2976
63.5298
63.6691
63.8084
64.0406
64.2264
64.3193
64.6444
64.7372
65.0159
65.2945
65.4338
65.7125
65.8518
65.9447
66.2233
66.4555
66.6413
66.7341
66.9199
67.1521
67.4307
67.5701
67.9880
68.0809
68.2202
68.3595
68.5917
68.6846
69.0561
69.2883
69.4277
69.5670
69.7063
70.1243
70.2171
70.4958
70.6351
70.7280
71.1924
71.4710
71.8425
72.1212
72.2605
72.3534
72.6320
72.8642
73.3286
73.6073
73.8395
73.9788
74.2574
74.3967
74.4896
74.7683
75.0469
75.4649
75.7435
76.0221
76.1615
76.3937
76.5330
76.6723
76.9045
77.2296
