0.1858
0.5108
0.6037
0.9752
1.2074
1.3932
1.5790
1.7647
2.1362
2.5078
2.9257
3.1579
3.2972
3.7152
3.9474
4.0867
4.2725
4.4582
4.6904
4.8298
5.6192
5.9907
6.2229
6.3623
6.5480
6.7802
7.1517
7.5233
7.7555
7.8948
8.3127
8.6843
9.0558
9.2880
9.4737
9.8453
10.2168
10.5883
10.8205
11.0063
11.3778
11.7493
12.1673
12.3530
12.5388
12.9103
13.1425
13.2818
13.5140
13.6998
13.8855
14.0713
14.2571
14.4428
14.8143
15.0465
15.2323
15.4180
15.6038
16.0218
16.2075
16.3933
16.5790
16.7648
16.9506
17.1363
17.9258
18.1116
18.2973
18.5295
18.6688
18.8546
19.0868
19.2726
19.4583
19.8298
19.9692
20.0620
20.2014
20.6193
20.9908
21.3624
21.5946
21.7803
22.1518
22.3376
22.5234
22.8949
23.1271
23.3128
23.6844
24.0559
24.4738
24.6596
24.7525
24.8454
25.2169
25.5884
26.0063
26.1921
26.3779
26.6101
26.7494
27.1209
27.5389
27.7246
27.9104
28.1890
28.3283
28.6999
29.0714
29.2571
29.4429
29.8144
30.2324
30.6039
30.6968
30.8361
31.0219
31.3005
31.3934
31.7649
32.1364
32.2293
32.3686
32.5544
32.7401
32.9259
33.2974
33.6689
33.9011
34.0869
34.4584
34.8299
35.2015
35.4337
35.6194
35.7587
35.8980
35.9909
36.3624
36.7804
36.8733
36.9662
37.1519
37.2912
37.4306
37.5234
37.7556
37.8950
38.1272
38.3129
38.4987
38.6844
38.9166
39.0560
39.2882
39.4275
39.6597
39.8454
40.0312
40.2170
40.5885
40.8207
41.0064
41.1922
41.3780
41.4708
41.5637
41.7495
42.1210
42.3532
42.5390
42.7247
42.9105
43.1427
43.3284
43.4678
43.6071
43.7000
43.8857
44.0715
44.2572
44.4430
44.6752
44.8610
45.0467
45.2325
45.4182
45.6040
45.8362
45.9755
46.2077
46.3935
46.7650
46.9972
47.1365
47.3687
47.5545
47.7402
47.9260
48.2046
48.2975
48.5297
48.6690
48.9012
49.0870
49.1799
49.2727
49.4585
49.5978
49.8300
50.0622
50.2015
50.4337
50.6195
50.7124
50.8053
50.9910
51.2232
51.3625
51.5947
51.7341
51.9663
52.1520
52.3378
52.5235
52.9415
53.1273
53.3130
53.4988
53.6845
53.9167
54.0561
54.3347
54.4740
54.6598
54.8455
55.0313
55.2171
55.3099
55.4493
55.5886
55.7743
55.9137
56.0065
56.1923
56.3780
56.6102
56.7496
56.9818
57.1675
57.5390
57.7248
57.9106
58.1428
58.2821
58.5143
58.7000
59.0716
59.2573
59.4431
59.6753
59.8610
60.0468
60.2326
60.4183
60.6041
60.7898
60.9756
61.2078
61.3936
61.5793
61.7651
62.6474
62.8332
63.0654
63.2976
64.4122
64.7372
66.3626
68.3595
