0.0464
0.1858
0.3251
0.6037
0.6966
0.7895
0.8824
1.1610
1.4396
1.7183
1.9040
1.9969
2.2756
2.5542
2.8328
3.0186
3.1115
3.3901
3.6688
3.9474
4.1332
4.2260
4.5047
4.7833
5.0620
5.2477
5.3406
5.6192
5.8979
6.1765
6.4551
6.7338
6.8731
7.0124
7.2911
7.5233
7.7090
7.8483
8.0805
8.3592
8.6378
8.9165
9.1951
9.4737
9.7524
10.0310
10.3097
10.5883
10.7276
10.8669
11.1456
11.4242
11.7029
11.9815
12.1208
12.2601
12.5388
12.6781
12.8174
13.0961
13.1889
13.3747
13.6533
13.9320
14.2106
14.3499
14.4893
14.7679
14.9072
15.0465
15.3252
15.4180
15.6038
15.7431
15.8824
16.1611
16.4397
16.5790
16.7184
16.8112
16.9970
17.1363
17.2756
17.3685
17.5543
17.6936
17.8329
18.1116
18.2044
18.3902
18.6688
18.9475
19.2261
19.3190
19.5048
19.5976
19.7834
20.0620
20.3407
20.4800
20.6193
20.8980
21.1766
21.4552
21.7339
21.8268
22.0125
22.2912
22.5698
22.8484
23.1271
23.3593
23.6379
23.9166
24.0559
24.1952
24.4738
24.7525
25.0311
25.3098
25.5884
25.8670
26.1457
26.4243
26.7029
26.9816
27.0745
27.2602
27.5389
27.8175
28.0961
28.3748
28.6534
28.9321
29.2107
29.3500
29.4893
29.7680
29.9073
30.0466
30.3253
30.4646
30.6039
30.8825
31.1612
31.4398
31.7185
31.8578
31.9971
32.2757
32.5544
32.6473
32.8330
33.1117
33.2510
33.3903
33.6689
33.9476
34.2262
34.5049
34.5977
34.7835
35.0621
35.3408
35.4801
35.5730
35.7587
35.9445
36.0838
36.1767
36.3160
36.4553
36.5482
36.7340
36.8733
37.0126
37.1984
37.2912
37.4306
37.5699
37.8485
37.9414
38.1736
38.4058
38.5451
38.6844
38.9631
39.1024
39.1953
39.2882
39.5204
39.6132
39.7990
39.9383
40.0312
40.1705
40.2634
40.3563
40.6349
40.7742
40.8671
40.9600
41.1458
41.4708
41.6102
41.7030
41.8888
41.9817
42.0746
42.2603
42.4925
42.6318
42.8176
43.0034
43.1427
43.3749
43.5142
43.6535
43.7464
43.9322
44.0715
44.2108
44.3037
44.4894
44.6288
44.7681
44.9074
45.0467
45.1860
45.2789
45.4182
45.6040
45.7898
45.8826
46.0684
46.1613
46.3006
46.4399
46.7185
46.9972
47.0901
47.1829
47.2758
47.4151
47.5545
47.7402
47.8331
48.0189
48.1117
48.2975
48.3904
48.5297
48.6690
48.8083
48.9477
49.2263
49.4121
49.5049
49.7836
49.8765
50.0622
50.3409
50.6195
50.8981
50.9910
51.1768
51.4554
51.7341
51.8734
52.0127
52.2913
52.5700
52.8486
52.9879
53.1273
53.2666
53.3595
53.5917
53.7310
53.9632
54.0561
54.1489
54.2883
54.5205
54.6133
54.7991
54.9384
55.0313
55.1706
55.3099
55.4028
55.5886
55.9601
56.1459
56.3316
56.4709
56.6102
56.7031
56.8424
56.9818
57.1211
57.2604
57.5390
57.6784
57.8177
58.0963
58.1892
58.2821
58.3750
58.5607
58.6536
58.7929
58.9322
59.2109
59.4895
59.6753
59.7682
59.9075
60.0468
60.2790
60.3719
60.5112
60.6041
60.8827
61.0220
61.1614
61.4400
61.7186
61.9973
62.2295
62.4152
62.6010
62.7403
62.8332
62.9725
63.1118
63.2047
63.3905
63.5762
63.6691
63.9478
64.0871
64.2264
64.3657
64.5050
64.5979
64.7837
64.9230
65.0623
65.1552
65.3410
65.4803
65.6196
65.7589
65.9447
66.1769
66.3162
66.5020
66.5948
66.7341
67.0592
67.2914
67.4307
67.5236
67.6165
67.8487
68.0809
68.1738
68.2667
68.3595
68.6382
68.7311
68.9168
69.1955
69.2883
69.5205
69.7527
69.8456
70.0314
70.1707
70.3100
70.5887
70.8673
71.1459
71.2853
71.3781
71.4710
71.7032
71.8425
72.0283
72.1212
72.2605
72.5391
72.6785
72.8178
73.0964
73.3751
73.6537
73.7466
73.9323
74.2110
74.4896
74.7683
74.8611
75.0469
75.1862
75.3255
75.4649
75.6042
75.9293
76.1615
76.4401
76.7187
76.8116
76.9974
77.1367
77.2760
77.5546
77.6940
77.8333
77.9726
78.0655
78.2512
78.3906
78.6692
78.8085
78.9478
79.1336
79.2265
79.3658
79.5051
79.7838
80.0160
80.2017
80.3410
80.6197
80.7590
80.8983
80.9912
81.1770
81.4556
81.7342
82.0129
82.2915
82.5702
82.8488
83.1274
83.4061
83.6383
83.9169
84.0562
84.1956
84.4742
84.7528
85.0315
85.3101
85.5888
85.8674
86.1460
86.3318
86.4247
86.5176
86.7033
86.8426
86.9820
87.2606
87.4463
87.5392
87.7250
87.8179
88.0965
88.2823
88.3751
88.6538
88.9324
89.0717
89.2575
89.3968
89.4897
89.6290
89.7683
89.8612
90.0470
90.3256
90.4649
90.6043
90.8829
91.1615
91.4866
91.7188
91.8581
92.0439
92.2761
92.4154
92.5547
92.6941
92.8334
93.1120
93.3907
93.7157
93.9479
94.2266
94.3659
94.5052
94.8303
95.0625
95.3411
95.4805
95.6198
95.9449
96.1771
96.4557
96.5950
96.7343
96.8272
97.0594
97.2916
97.5702
97.8024
98.0346
98.1740
98.2668
98.4062
98.6848
98.9634
99.1028
99.1956
99.2885
99.4743
99.6600
99.7529
99.8922
100.0316
100.1709
100.3566
100.4960
100.6353
100.7282
100.8675
101.0068
101.1926
101.3319
101.4248
101.5176
101.7034
101.8427
101.9820
102.0749
102.2607
102.5393
102.6786
102.8180
102.9573
103.0966
103.1895
103.3752
103.6539
103.7932
103.9325
104.2112
104.3040
104.4898
104.7684
104.9078
105.0471
105.3257
105.4186
105.6044
105.8830
106.0223
106.1616
106.4403
106.5796
106.6725
106.8582
107.0440
107.1833
107.2762
107.3691
107.4620
107.6477
107.7870
107.8799
108.0192
108.1121
108.2514
108.3443
108.4836
108.7158
109.1338
109.4124
109.6446
109.8768
110.1090
110.2019
110.2948
110.3877
110.4805
110.5734
110.6663
110.7592
110.8985
111.0378
111.2236
111.4093
