0.3251
0.5108
0.6037
0.8824
1.1610
1.4396
1.5790
1.7183
1.8576
1.9969
2.1362
2.2756
2.4149
2.5542
2.6935
2.7864
2.9722
3.0650
3.2508
3.3437
3.4830
3.6223
3.7616
3.9010
4.0403
4.1796
4.3189
4.4582
4.5976
4.7369
4.8762
5.0155
5.2477
5.5263
5.8050
5.9443
6.0836
6.2229
6.3623
6.5016
6.6409
6.7802
6.9195
7.0589
7.1982
7.4304
7.7090
7.8483
7.9877
8.1270
8.2663
8.4056
8.5449
8.6843
8.8236
8.9629
9.1022
9.2415
9.3344
9.7524
9.8917
10.0310
10.1703
10.3097
10.4490
10.5883
10.7276
10.8669
10.9598
11.1456
11.2849
11.5635
11.6564
11.7957
11.9351
12.0744
12.2137
12.3530
12.4923
12.6317
12.7710
12.9103
13.0496
13.1889
13.3283
13.4676
13.7462
13.9784
14.1177
14.2571
14.3964
14.5357
14.6750
14.8143
14.9537
15.0930
15.2323
15.3252
15.5109
15.7896
15.8824
16.0682
16.1611
16.3004
16.4397
16.5790
16.7184
16.8577
16.9970
17.1363
17.2756
17.4150
17.5543
17.8329
17.9722
18.0651
18.3438
18.6224
18.9010
19.0404
19.1797
19.4583
19.7370
20.2942
20.5264
20.8051
20.9444
21.0837
21.3624
21.5017
21.6410
21.9196
22.1983
22.3376
22.4305
22.8484
22.9878
23.2664
23.5450
23.8237
24.0559
24.6132
24.8918
25.1704
25.4491
25.7277
26.1457
26.2850
26.4243
26.5172
26.7958
27.3531
27.6317
27.9104
28.4212
28.7463
28.9785
29.2571
29.5358
29.6751
29.8144
30.0931
30.2324
30.6039
30.7897
30.9290
31.1612
31.4398
31.5791
31.7185
31.8578
31.9971
32.1364
32.2757
32.4151
32.5544
32.7866
33.0652
33.3439
33.4832
33.6225
33.9011
34.0405
34.1798
34.4584
34.5977
34.7371
34.9693
35.2479
35.4337
35.5730
35.8052
36.0838
36.3624
36.5018
36.6411
36.7340
36.9197
37.1984
37.3377
37.4306
37.7556
37.9878
38.2665
38.4058
38.5451
38.6844
38.8238
38.9631
39.1024
39.3346
39.6132
39.7526
39.8919
40.1705
40.3098
40.4492
40.7278
41.0064
41.2851
41.5637
41.6566
42.0746
42.3532
42.6318
42.9105
43.1891
43.4678
43.7000
43.8857
43.9786
44.1179
44.2572
44.5359
44.8145
45.2325
45.3718
45.6504
45.7898
45.9291
46.2077
46.4863
46.7185
46.9972
47.1365
47.2758
47.4151
47.5545
47.8331
48.0653
48.3439
48.6690
48.9012
49.0405
49.1799
49.3192
49.4585
49.5978
49.7371
49.8765
50.2944
50.3873
50.5266
50.8053
51.0839
51.3625
51.6412
51.9198
52.1985
52.4307
52.7093
52.9879
53.2666
53.5452
53.7310
53.8239
54.1025
54.3347
54.5205
54.6598
55.1706
55.7279
55.8672
56.0065
56.1459
56.2852
56.8424
56.9353
57.0746
57.3533
57.6319
57.9106
58.1892
58.3285
58.4678
58.7465
58.9787
59.5360
59.8146
60.0932
60.3719
60.6505
61.0220
61.2078
61.4400
61.5793
61.7186
61.9973
62.2759
62.5546
62.8332
63.3440
63.9013
64.4586
64.7372
65.0159
65.1552
65.5267
65.6660
65.8054
66.0840
66.6413
66.7806
67.0592
67.1985
67.2914
67.4307
67.5701
67.7094
67.8487
67.9880
68.1273
68.2667
68.4060
68.5453
68.6846
68.8239
68.9633
69.2419
69.3812
69.5205
69.6134
69.7527
69.8921
70.0314
70.1707
70.3100
70.4493
70.5887
70.7280
70.8673
71.0066
71.1459
71.2853
71.4246
71.5639
71.6568
71.7961
71.9354
72.0747
72.2141
72.3534
72.4927
72.6320
72.7713
72.9107
73.0500
73.1893
73.3286
73.4679
73.6073
73.7001
73.8859
73.9788
74.1181
74.2574
74.3967
74.5361
74.6754
74.8147
75.3255
75.6042
75.8828
76.4401
76.6723
76.9509
77.2296
77.5082
77.7404
78.0190
78.5763
78.8550
79.0872
79.2265
79.6444
79.7838
79.9231
80.0624
80.1553
80.2946
80.4339
80.5732
80.7126
80.8519
80.9912
81.1305
81.2698
81.3627
81.5020
81.7807
82.0593
82.1986
82.2915
82.4308
82.5702
82.7095
82.8488
82.9881
83.1274
83.4061
83.7776
83.9169
84.0562
84.1956
84.3349
84.4742
84.9850
85.1244
85.2637
85.4030
85.5423
85.7745
86.0532
86.3318
86.6104
86.8426
87.1213
87.2606
87.3999
87.5392
87.6785
88.1894
88.4680
88.6073
88.7467
89.0253
89.1182
89.2575
89.5361
89.6755
89.8148
89.9541
90.0934
90.2327
90.3721
90.4649
90.6043
90.8829
91.0687
91.1615
91.4402
91.5331
91.9510
92.5083
92.7869
93.0656
93.2513
93.3907
93.5300
93.6693
93.9479
94.2730
94.4123
94.5517
94.8303
95.1554
95.2947
95.4340
95.7591
96.0842
96.3628
96.5486
96.6879
96.9665
97.2452
97.4774
97.6167
97.8024
97.8953
98.0346
98.3133
98.5919
98.8706
99.1492
99.3814
99.6600
99.9851
100.2173
100.4960
100.6353
100.7746
100.9139
101.0532
101.1461
101.3319
101.6105
101.8427
102.1678
102.4000
102.6786
102.8180
102.9573
103.2359
103.5146
103.7468
104.0254
104.3505
104.5827
104.8613
105.1400
105.4186
105.6972
105.9759
106.3474
106.4867
106.7654
106.9047
107.0440
107.3226
107.4620
107.6013
107.8799
108.1121
108.2514
108.3907
108.5301
108.6694
108.9480
109.2267
109.5053
109.7839
110.0626
110.2019
110.2948
110.4341
110.5734
110.8985
110.9914
111.1307
111.4093
111.5487
111.6880
111.9666
112.2453
112.4775
112.7561
113.0347
113.3134
113.5920
113.8707
114.1493
114.7066
114.8459
115.0781
115.2174
115.4961
115.7747
116.0533
116.3320
117.4001
117.6787
117.9574
118.0967
118.2360
118.5611
118.6540
118.7933
118.9326
119.0255
119.3041
119.4434
119.5828
119.8614
120.1400
120.4187
120.6973
121.2082
121.4868
121.7654
122.0441
122.1834
122.3227
122.4620
122.6014
122.8800
123.0193
123.3908
123.6695
123.9946
124.7840
125.0627
125.5735
126.1308
126.2701
126.6881
126.8274
127.2454
127.7562
128.0348
128.1741
128.3135
128.5921
128.8707
129.0101
129.1494
129.4280
129.6602
129.7995
129.9389
130.0782
130.2175
130.4961
130.6355
130.7748
131.0534
131.1927
131.3321
131.6107
131.8429
131.9822
132.1215
132.4002
132.5859
132.7253
133.0039
133.1432
133.2825
133.4219
133.5612
133.8398
134.1185
134.3971
134.7222
135.0008
135.1401
135.2795
135.6045
135.9761
136.2083
136.6262
136.7655
136.9513
