0.0464
0.3251
0.4180
0.8359
1.0217
1.2074
1.4861
1.6254
1.8112
1.9969
2.2291
2.4149
2.6006
2.8328
3.2044
3.6688
4.0403
4.4582
4.7833
5.0155
5.2013
5.3870
5.6192
5.8050
6.0372
6.4551
6.6873
6.8267
7.2446
7.6161
7.9877
8.4056
8.6843
8.8236
9.0093
9.1951
9.6131
9.9846
10.2168
10.4025
10.4954
10.5883
10.8205
11.1920
11.4707
11.6100
11.8886
12.0279
12.2137
12.3995
12.8174
13.0961
13.1889
13.3283
13.4211
13.6069
13.6998
13.7927
13.8855
14.0249
14.2106
14.3964
14.4893
14.5821
14.7215
14.8143
15.0465
15.1859
15.4180
15.5109
15.6038
15.7431
15.8360
16.0218
16.2075
16.3933
16.6255
16.8112
16.9970
17.0899
17.1828
17.3221
17.4150
17.6007
17.6936
17.8329
18.0187
18.1116
18.2973
18.3902
18.6224
18.8082
19.0404
19.1797
19.4119
19.5976
19.7370
19.8298
20.0156
20.2014
20.2942
20.3871
20.6193
20.8051
20.9908
21.2230
21.4088
21.5017
21.5946
21.7803
22.0125
22.1054
22.1983
22.2912
22.3840
22.6162
22.8020
22.9878
23.1271
23.2200
23.4057
23.5915
23.7772
23.9166
24.0094
24.1023
24.1952
24.3810
24.6132
24.7060
24.7989
24.9847
25.2169
25.3098
25.4026
25.4955
25.5884
25.8206
26.0063
26.0992
26.1921
26.2850
26.4243
26.6101
26.7958
26.9816
27.1209
27.2138
27.3995
27.5853
28.0033
28.4212
28.5141
28.6999
29.0249
29.1178
29.2107
29.6287
