0.0464
0.4644
0.8824
1.2539
1.6718
1.9040
2.0898
2.5078
2.9257
3.3437
3.5294
3.7616
3.9474
4.1796
4.5511
4.7369
4.9691
5.3870
5.8050
5.9907
6.2229
6.4087
6.6409
6.8267
7.0124
7.2446
7.4304
7.8483
8.0341
8.2663
8.4521
8.6378
8.8700
9.1022
9.5202
9.9381
10.3097
10.5419
10.7276
10.9134
11.1456
11.3313
11.5635
11.9351
12.3530
12.8174
13.1889
13.6069
14.0249
14.2106
14.4428
14.6286
14.8608
15.2323
15.4645
15.6967
16.0682
16.2540
16.4862
16.9041
17.3221
17.5078
17.6936
17.9258
18.1580
18.5295
18.9475
19.3654
19.7834
20.1549
20.6193
20.9908
21.4088
21.5017
21.8268
22.0125
22.2447
22.4305
22.6627
22.8484
23.0806
23.2664
23.4522
23.8701
24.1023
24.2881
24.7060
25.0776
25.5420
25.9135
26.0063
26.3314
26.7494
26.9816
27.1673
27.5389
27.7711
27.9568
28.3748
28.7927
29.0249
29.2107
29.4429
29.6287
30.0466
30.2324
30.4181
30.6503
30.8361
31.2541
31.4863
31.6720
32.0435
32.5079
32.6937
32.9259
33.3439
33.7154
34.1333
34.5513
34.9693
35.2015
35.3408
35.7587
35.9909
36.1767
36.5946
36.7804
37.0126
37.4306
37.8485
38.0343
38.2665
38.4522
38.6844
38.8702
39.1024
39.2882
39.5204
39.8454
40.1241
40.3098
40.7278
40.9136
41.0993
41.5173
41.7495
41.9817
42.1674
42.3532
42.7712
43.1891
43.4213
43.6071
43.7928
43.9786
44.2108
44.3966
44.8145
45.2325
45.6504
46.0684
46.4399
46.7185
46.9043
47.0901
47.3223
47.5080
47.6938
47.9260
48.1117
48.5297
48.9477
49.3656
49.5514
49.7836
49.9693
50.1551
50.3873
50.5731
50.7588
50.9910
51.4090
51.5947
51.8269
52.2449
52.6164
53.0344
53.4523
53.8703
54.0561
54.2883
54.7062
54.9384
55.0777
55.3099
55.4957
55.7279
55.9137
56.3316
56.6102
56.7031
56.9818
57.1211
57.5390
57.7712
58.0034
58.4214
58.7929
58.9787
59.1644
59.3502
59.6288
59.8610
60.0468
60.2326
60.4183
60.8363
61.0685
61.6258
61.9044
61.9973
62.0902
62.5081
62.8796
63.1118
63.2976
63.7156
64.1335
64.5515
64.7837
65.2016
65.3874
65.5732
65.8054
