0.0464
0.2322
0.3715
0.5573
0.6966
1.0217
1.3468
1.4861
1.6718
1.8112
1.9505
2.2756
2.6006
2.9257
3.2508
3.5294
3.7152
3.8545
4.1796
4.5047
4.7833
5.1084
5.4335
5.7585
6.0836
6.3623
6.5480
6.6873
6.8731
7.0124
7.3375
7.6626
8.2663
8.5914
8.9165
9.2415
9.7059
9.8453
10.0310
10.1703
10.4954
11.7493
12.0744
12.7245
13.3283
13.6533
13.9784
14.9072
15.2323
15.5574
16.8112
17.1363
17.7400
18.0651
18.7153
19.1797
19.3190
19.6441
19.9692
20.2942
21.2230
21.5481
21.8732
22.8020
23.1271
23.4522
24.3810
24.7060
25.3562
25.9599
26.2850
27.5389
27.8639
28.1890
28.9785
29.1178
29.4429
29.7680
30.0931
30.3717
30.6968
31.0219
31.3469
32.2757
32.6008
32.9259
33.5296
33.8547
34.1798
34.5049
35.2943
35.4337
35.7587
36.0838
36.4089
37.0126
37.3377
37.6628
37.9878
38.9166
39.2417
39.5668
40.1705
40.4956
40.8207
41.7495
42.0746
43.0034
43.6535
43.9786
45.2325
45.5576
46.4863
46.8114
47.1365
48.0653
48.3904
48.7155
49.5049
49.6443
49.9693
50.2944
50.5731
50.8981
51.2232
52.0127
52.1520
52.2449
52.4771
52.8022
53.1273
53.4523
53.7310
54.5205
54.7062
54.9849
55.4957
55.6350
55.9601
56.2852
56.6102
57.0746
57.2140
57.5390
57.8641
58.1892
58.4678
58.7929
59.1180
59.4431
59.5824
59.7217
60.0468
60.5576
60.6970
61.0220
61.3471
62.0902
62.2759
62.6010
62.9261
63.2047
63.5298
63.8549
64.6444
64.7837
65.1088
65.7589
66.0840
66.3626
67.1521
67.3379
67.6165
67.9880
68.2667
68.5917
68.9168
69.5205
69.7063
70.1707
70.4958
70.6351
70.7744
71.0995
71.4246
72.2141
72.3534
72.6785
73.0035
73.3286
73.6537
73.9788
74.7218
74.9076
75.2327
75.8364
76.1615
76.4865
77.2760
77.4153
77.7404
78.0655
78.3906
78.7156
78.9943
79.6444
79.7838
79.9695
80.2482
80.6197
80.8983
81.2234
81.5485
81.8736
82.3380
82.4773
82.8024
83.1274
83.4525
83.7312
84.0562
84.3813
84.8457
84.9850
85.3101
85.9603
86.2854
86.6104
87.3535
87.5392
87.8643
88.1894
88.4680
88.7931
89.1182
89.4433
89.7683
89.9077
90.0470
90.3721
90.6971
91.0222
91.3473
91.6259
92.4154
92.6012
92.8798
93.2049
93.5300
93.8551
94.1801
94.9696
95.1089
95.4340
95.7591
96.0377
96.3628
96.6879
97.0130
97.4774
97.6167
97.9418
98.2668
98.5919
98.9170
99.2421
99.9851
100.1709
100.4960
100.8210
101.0997
101.4248
101.7498
102.0749
102.5393
102.6786
103.0037
103.3288
103.6539
103.9790
104.2576
104.5827
105.0471
105.2328
105.5115
106.1616
106.4867
106.8118
107.6013
107.7406
108.0657
108.3907
108.7158
108.9945
109.3195
109.5053
109.6446
109.9697
110.1090
110.2483
110.5734
110.8985
111.2236
111.5487
111.8737
112.4775
112.8025
113.1276
113.4527
113.7313
113.9171
114.0564
114.3815
114.7066
115.0317
115.1710
115.3103
115.4961
115.6354
115.9605
116.1462
116.2855
116.6106
116.8893
117.2143
117.5394
117.8645
118.1896
118.6540
118.7933
119.1184
119.4434
119.7685
119.9078
120.0936
120.3722
120.6973
121.0224
121.3475
121.4868
121.6726
121.8119
121.9512
122.2763
122.6014
122.9264
123.2515
123.5302
123.7159
123.8552
124.1803
124.5054
124.9698
125.4342
125.7593
126.0844
126.3630
126.5488
126.6881
127.0132
127.3382
127.6633
127.9420
128.1277
128.2670
128.5921
128.9172
129.2423
129.5209
129.7067
129.8460
130.0317
130.1711
130.4961
130.8212
131.1463
131.4249
