0.0464
0.1858
0.3251
0.6037
0.7895
0.8824
1.1610
1.4396
1.7183
1.9040
1.9969
2.2756
2.5542
2.8328
3.0186
3.1115
3.3901
3.6688
3.9474
4.1332
4.2260
4.5047
4.7833
5.0620
5.2477
5.3406
5.6192
5.8979
6.1765
6.4551
6.7338
7.0124
7.2911
7.5233
7.8483
8.0805
8.3592
8.6378
8.9165
9.1951
9.4737
9.7524
10.0310
10.3097
10.5883
10.8669
11.1456
11.4242
11.7029
11.9815
12.2601
12.5388
12.8174
13.0961
13.3747
13.6533
13.9320
14.2106
14.4893
14.7679
15.0465
15.3252
15.6038
15.8824
16.1611
16.4397
16.7184
16.9970
17.2756
17.5543
17.8329
18.1116
18.3902
18.6688
18.9475
19.2261
19.5048
19.7834
20.0620
20.3407
20.6193
20.8980
21.1766
21.4552
21.7339
22.0125
22.2912
22.8484
23.1271
23.3593
23.6379
23.9166
24.1952
24.4738
25.0311
25.5884
25.8670
26.1457
26.7029
27.2602
27.8175
28.0961
28.3748
28.6534
28.9321
29.2107
29.4893
29.7680
30.0466
30.3253
30.6039
30.8825
31.1612
31.7185
32.2757
32.8330
33.1117
33.3903
33.9476
34.5049
34.7835
35.0621
35.3408
35.5730
35.9445
36.1767
36.7340
37.0126
37.1984
37.2912
37.4306
37.5699
37.8485
37.9414
38.1736
38.4058
38.5451
38.6844
38.9631
39.1024
39.1953
39.2882
39.5204
39.7990
40.0312
40.6349
41.1458
41.4708
41.7030
42.0746
42.2603
42.6318
42.8176
43.3749
43.6535
43.7464
43.9322
44.2108
44.3037
44.4894
44.6288
44.7681
45.0467
45.6040
45.7898
45.8826
46.1613
46.4399
46.7185
47.2758
47.4151
47.5545
47.8331
48.0189
48.1117
48.2975
48.3904
48.5297
48.6690
48.9477
49.2263
49.5049
49.7836
50.0622
50.3409
50.6195
50.8981
51.1768
51.4554
51.7341
52.0127
52.2913
52.5700
52.8486
53.1273
53.3595
53.7310
53.9632
54.2883
54.5205
54.7991
55.0313
55.1706
55.3099
55.4028
55.5886
55.9601
56.1459
56.3316
56.4709
56.7031
56.9818
57.1211
57.2604
57.5390
57.8177
58.3750
58.6536
58.7929
58.9322
59.2109
59.4895
59.7682
59.9075
60.0468
60.5112
60.6041
60.8827
61.1614
61.4400
61.7186
61.9973
62.2295
62.4152
62.6010
62.8332
63.3905
63.5762
63.6691
63.9478
64.0871
64.2264
64.3657
64.5050
64.5979
65.0623
65.3410
65.6196
65.7589
65.9447
66.1769
66.5020
66.7341
67.2914
67.5236
67.6165
67.8487
68.3595
68.6382
68.7311
68.9168
69.5205
69.8456
70.0314
70.3100
70.5887
70.8673
71.1459
71.7032
72.2605
72.5391
72.8178
73.0964
73.3751
73.9323
74.2110
74.4896
74.7683
75.0469
75.3255
75.6042
76.1615
76.7187
77.2760
77.5546
77.8333
78.3906
78.9478
79.2265
79.5051
79.7838
80.0160
80.6197
81.1770
81.7342
82.2915
82.8488
83.4061
83.6383
83.9169
84.1956
84.4742
85.0315
85.5888
86.1460
86.7033
86.9820
87.2606
87.5392
87.8179
88.0965
88.3751
88.6538
88.9324
89.2575
89.4897
89.6290
90.0470
90.3256
90.6043
90.8829
91.1615
91.7188
92.0439
92.2761
92.5547
92.6941
92.8334
93.1120
93.3907
93.9479
94.5052
95.0625
95.6198
95.9449
96.1771
96.4557
96.7343
97.0594
97.2916
97.5702
97.8024
98.4062
98.6848
98.9634
99.1028
99.1956
99.2885
99.4743
99.6600
99.7529
100.0316
100.6353
100.8675
101.1926
101.3319
101.4248
101.5176
101.7034
101.8427
101.9820
102.0749
102.2607
102.8180
103.0966
103.1895
103.3752
103.6539
103.9325
104.2112
104.3040
104.4898
105.0471
105.3257
105.6044
105.8830
106.0223
106.1616
106.4403
106.6725
106.9976
107.0904
107.2762
107.4620
107.5548
107.8335
108.1121
108.3907
108.5765
108.6694
108.9480
109.2267
109.5053
109.7839
110.0626
110.3412
110.6199
110.8985
111.1771
111.4093
111.7344
111.9666
112.2917
112.5239
112.8025
113.0812
113.3598
113.6385
113.9171
114.1957
114.4744
114.7530
115.0317
115.3103
115.5889
115.8676
116.1462
116.4249
116.7035
116.9821
117.2608
117.5394
117.8180
118.0967
118.3753
118.6540
118.9326
119.2112
119.4899
119.7685
120.0472
120.3258
120.6044
120.8831
121.1617
121.4404
121.7190
121.9976
122.2763
122.5549
122.8336
123.1122
123.3908
123.6695
123.9481
124.2268
124.4590
124.6447
124.8305
125.0627
125.6200
125.8057
125.8986
126.0844
126.1772
126.3166
126.4559
126.7345
126.8274
127.0596
127.2918
127.4311
127.5704
127.8491
127.9884
128.0813
128.1741
128.4063
128.6850
128.9172
129.5209
129.8460
130.0782
130.5890
130.9605
131.1463
131.5178
131.7036
132.2609
132.5395
132.6324
132.8181
133.0968
133.1897
133.3754
133.9327
134.4900
134.6757
134.7686
135.0473
135.3259
135.6045
136.1618
136.3011
136.4405
136.7191
136.9049
136.9977
137.1371
137.2764
137.5550
137.8337
138.3909
138.6696
138.9482
139.2268
139.5055
139.7841
140.0628
140.3414
140.6200
140.8987
141.1773
141.4560
141.7346
142.0132
142.2454
142.6170
142.8492
143.1742
143.4064
143.6851
143.9637
144.0566
144.1959
144.2888
144.4746
144.8461
145.0783
145.3569
145.6356
145.8678
146.0071
146.1464
146.4250
146.7037
147.2610
147.5396
147.6789
147.8182
148.0969
148.3755
148.6541
148.7935
148.9328
149.4901
150.0473
150.3260
150.6046
150.8833
151.1155
151.3012
151.4870
151.7192
152.2765
152.4622
152.5551
152.8337
152.9731
153.1124
153.2517
153.3910
153.4839
153.9483
154.2269
154.3663
154.5056
154.6449
154.8307
155.0629
155.3879
155.6201
156.1774
156.4096
156.5025
156.7347
157.0598
157.2920
157.6171
157.8493
158.4065
158.9638
159.2424
159.4746
159.7997
160.0319
160.4034
161.0072
161.5644
